                 [0;37;5;40;100m@[0m [0;1;30;90;47m8[0;37;5;47;107m@X[0;1;37;97;47m8[0;1;30;90;47m .@[0m              
                [0;37;5;47;107m%;tt[0;1;37;97;47m8[0;37;5;47;107m%.:[0;1;37;97;47m8[0;1;33;93;47mX[0;33;47m@[0;1;37;97;47mX:[0m           
               [0;37;5;47;107mS[0;1;37;97;47m8[0;37;5;47;107mt[0;1;33;93;47m8[0;33;47m8[0;37;5;43;103m8[0;1;37;97;47mX[0;37;5;47;107mS :8[0;1;37;97;47mS[0;1;33;93;47mX[0;1;37;97;47m8[0;37;5;47;107m.[0;37;5;40;100m8[0m         
              [0;1;30;90;47m [0;37;5;47;107m%[0;37;43m@[0;1;37;97;47m :;[0;1;33;93;47mXS@[0;37;5;47;107mXt[0;1;37;97;47m8[0;37;5;43;103m8[0;1;37;97;47m%[0;37;5;47;107mX;.[0;1;30;90;47m;[0m        
              [0;1;37;97;47m;[0;37;5;47;107m:[0;33;47m8[0;1;37;97;47m%@[0;1;33;93;47m88[0;1;31;91;47m@[0;1;37;97;47m.[0;37;5;43;103m8[0;37;5;47;107mX[0;1;33;93;47mS[0;37;5;47;107m8[0;1;33;93;47mS[0;37;5;47;107m8[0;37;5;43;103m8[0;37;5;47;107mX:[0;1;37;97;47mS[0m       
               [0;37;5;47;107m:[0;1;33;93;47m@@[0;1;37;97;47m%[0;1;33;93;47m8[0;33;47m8[0;1;37;97;47m%%[0;37;5;47;107mX[0;37;5;43;103m8[0;1;33;93;47m8@[0;1;37;97;47m [0;37;5;47;107mt[0;1;37;97;47mS[0;37;5;43;103m8[0;1;37;97;47m@[0m        
               [0;1;30;90;47m:[0;1;30;90;43m8[0;1;37;97;47m .[0;1;33;93;47m@[0;37;5;47;107m8[0;1;37;97;47m [0;1;33;93;47mS[0;37;5;43;103m8[0;33;47m8[0;33;5;41;101mS[0;33;47m@[0m [0;1;30;90;47m:[0;33;47mX[0m          
                [0;33;5;40;100m8[0;1;37;97;47m; [0;1;33;93;47m8[0;37;5;47;107m8[0;35;5;40;100mt[0;33;41m@[0;35;5;40;100m [0;1;37;97;47m [0m               
               [0;33;5;40;100m%[0;1;37;97;47mt:[0;37;5;47;107m88[0;1;37;97;47m. [0m [0;1;37;97;47mt[0;1;30;90;47mX[0m               
              [0;37;5;40;100m8[0;1;30;90;47m.[0;1;37;97;47m8[0;1;33;93;47mS[0;37;5;47;107m8@[0;1;33;93;47m@S[0;1;37;97;47m:[0;1;33;93;47m8[0;37;43mX[0;1;30;90;43mX[0;33;5;40;100m8[0;31;40mX[0m            
               [0;1;30;90;47mX[0;1;37;97;47mS[0;37;5;47;107mt[0;1;37;97;47mt::[0;33;47mX[0;1;37;97;47m [0;1;30;90;47m@[0;31;5;40;100m88[0;33;5;40;100mS[0m             
               [0;1;37;97;47mt;.[0;1;33;93;43m%[0;1;30;90;43m8[0;1;31;91;43m8[0;1;37;97;47m.[0;37;5;47;107m8[0;1;37;97;47m.[0;1;30;90;47m8[0;33;5;40;100mt[0m              
               [0;1;37;97;47m;[0;1;30;90;47m8[0;33;47mX[0;37;43m8[0;1;30;90;43m88[0;33;47m@[0;1;33;93;47mS[0;1;37;97;47mS[0;37;5;47;107m%[0;1;37;97;47m [0m              
            [0;37;5;40;100m@[0;1;30;90;47m [0;1;37;97;47mt[0;33;47m8[0;1;37;97;47mS8[0;33;47m8[0;1;33;93;47m@[0;1;30;90;47m8[0;1;37;97;47m [0;37;5;47;107m8[0;1;33;93;47m@[0;37;5;47;107m@@[0;1;30;90;47mX[0;33;5;40;100m;[0m            
         [0;33;5;40;100m;[0;1;30;90;47mX[0;33;47m88[0;37;5;43;103m8[0;1;30;90;43m8[0;37;43mX[0;1;37;97;47m%8[0;1;31;91;43m888[0;33;47mS[0;37;5;47;107m8[0;33;47m@[0;37;5;47;107m8S[0;1;37;97;47mSt [0;1;30;90;47mX[0;1;30;90;43m88[0m        
   [0;33;5;40;100m  [0;37;5;40;100m8[0;33;5;40;100m:[0;1;30;90;47m%[0;33;5;43;103m8[0;1;37;97;47m@8[0;1;33;93;47m@[0;33;47m8[0;33;5;41;101mS[0;33;47m8[0;33;5;41;101m;[0;1;37;97;47mX8[0;37;43mS[0;33;47m8[0;33;5;41;101m.[0;33;47m8[0;1;37;97;47m;[0;37;5;47;107m8[0;33;5;41;101m [0;37;5;47;107m ;[0;1;37;97;47m.[0;37;5;47;107m8[0;1;37;97;47m888[0;1;33;93;47m8[0;1;30;90;43m88[0m     
       [0;1;30;90;43m8[0;1;37;97;47m8[0;37;5;47;107m;[0;1;33;93;43mt[0;33;5;41;101m;[0;33;47m8[0;1;30;90;43m8[0;1;31;91;43m8[0;33;5;40;100mX[0;1;37;97;47mt[0;33;47m@[0;1;31;91;43m8[0;33;47m8[0;37;43mX[0;33;5;41;101m%[0;33;47mX[0;37;5;47;107m [0;1;33;93;47m@[0;37;43m@[0;37;5;47;107mX8[0;1;30;90;47m [0;37;5;47;107m8S[0;1;37;97;47m8@%;[0;1;33;93;47mS[0;1;30;90;43m8[0m   
        [0;33;5;40;100m :[0m      [0;1;37;97;47m;[0m      [0;1;30;90;47mt%[0m  [0;37;5;47;107m@X88;:;;8[0;1;30;90;47m:[0;33;47m8[0;1;30;90;43m8[0m 
               [0;37;5;40;100m8[0;1;37;97;47mX[0;33;5;40;100m8[0m      [0;37;5;47;107m8[0m   [0;37;5;40;100m@[0;1;30;90;47m:[0;1;37;97;47mt@%;[0;1;30;90;47m;8[0;35;5;40;100m [0m   
                        [0;1;30;90;47mX[0m               
